4294967294,12
4294967278,295
4294967278,378
4294967278,271
4294967279,260
4294967279,570
4294967279,137
4294967279,276
4294967279,312
4294967279,310
111,8
111,7
111,6
4294967278,191
4294967278,190
4294967279,190
4294967279,189
4294967294,437
4294967279,535
4294967278,350
4294967279,298
4294967278,348
4294967279,533
4294967278,374
4294967279,173
111,5
111,4
111,3
111,2
111,1
4294967279,564
4294967278,167
4294967294,409
4294967294,407
4294967294,167
4294967294,449
4294967294,902
4294967294,162
109,5
109,4
109,3
109,2
109,1
4294967279,155
4294967278,155
4294967278,154
4294967278,150
4294967279,151
107,6
4294967278,389
4294967279,563
4294967278,148
107,5
4294967278,146
107,4
4294967278,145
107,3
107,2
107,1
4294967279,144
4294967279,554
4294967278,291
106,5
4294967278,140
106,4
106,3
106,2
106,1
4294967278,290
4294967279,285
4294967278,276
4294967279,270
105,5
105,4
105,3
105,2
105,1
4294967278,269
104,5
104,4
104,3
104,2
104,1
4294967278,280
4294967278,262
4294967278,279
4294967278,261
102,4
102,3
102,2
102,1
4294967279,319
4294967294,915
4294967294,966
4294967279,251
4294967279,560
4294967279,559
4294967278,251
4294967278,246
4294967279,246
4294967279,240
4294967278,239
4294967279,321
4294967278,388
4294967279,238
4294967278,235
4294967279,231
4294967279,223
101,5
4294967278,226
101,4
101,2
101,1
4294967279,224
4294967278,224
4294967278,220
4294967278,217
4294967279,214
4294967279,317
4294967278,323
4294967279,316
4294967279,211
4294967278,322
4294967278,207
4294967279,205
99,5
4294967278,206
99,4
99,2
99,1
4294967278,205
4294967279,204
4294967278,203
4294967279,203
4294967278,202
4294967278,317
4294967278,201
4294967279,201
4294967279,200
4294967279,311
4294967278,315
4294967278,314
97,6
4294967294,396
4294967294,178
4294967294,406
4294967294,168
4294967294,183
4294967294,415
4294967294,118
4294967294,460
4294967294,410
4294967294,189
4294967279,196
4294967278,387
4294967279,306
97,5
4294967279,195
4294967278,194
4294967279,194
97,4
4294967278,193
97,3
97,2
97,1
4294967278,192
4294967279,192
4294967279,191
4294967278,346
96,5
96,4
4294967279,187
96,3
96,2
96,1
4294967279,566
4294967278,375
4294967278,353
4294967278,351
4294967278,37
4294967278,36
4294967278,35
4294967278,34
4294967278,33
4294967278,32
4294967278,31
4294967278,30
4294967278,29
4294967278,28
4294967278,27
4294967278,26
4294967278,25
4294967278,24
4294967278,23
4294967278,22
4294967278,344
4294967278,21
4294967278,20
4294967278,19
4294967278,18
4294967278,17
4294967278,16
4294967278,15
4294967278,14
4294967278,13
4294967278,12
4294967278,11
4294967278,10
4294967278,9
4294967278,8
4294967278,7
4294967278,6
4294967278,5
4294967278,4
4294967279,130
4294967279,129
4294967279,128
4294967279,126
4294967279,123
4294967279,122
4294967279,121
4294967279,120
4294967279,119
4294967279,118
4294967279,117
4294967279,116
4294967279,115
4294967279,114
4294967279,113
4294967279,112
4294967279,111
4294967279,110
4294967279,109
4294967279,108
4294967279,107
4294967279,106
4294967279,105
4294967279,104
4294967279,216
4294967279,103
4294967279,102
4294967279,101
4294967279,100
4294967279,99
4294967279,98
4294967279,97
4294967279,96
4294967279,95
4294967279,94
4294967279,93
4294967279,92
4294967279,91
4294967279,90
4294967279,89
4294967279,87
4294967279,86
4294967279,85
4294967279,84
4294967279,83
4294967279,82
4294967279,81
4294967279,80
4294967279,79
4294967279,78
4294967279,77
4294967279,76
4294967279,75
4294967279,74
4294967279,73
4294967279,72
4294967279,70
4294967279,68
4294967279,67
4294967279,66
4294967279,65
4294967279,22
4294967279,20
4294967279,19
4294967279,17
4294967279,15
4294967279,13
4294967279,12
4294967279,10
4294967279,64
4294967279,71
4294967279,69
4294967278,180
4294967279,180
4294967278,179
95,5
4294967278,178
95,4
95,3
95,2
95,1
4294967279,530
4294967294,170
4294967294,898
4294967294,960
4294967294,912
4294967278,303
4294967279,296
94,5
94,4
94,3
94,2
94,1
4294967278,347
4294967279,167
4294967278,386
4294967279,166
4294967278,164
4294967279,164
4294967278,163
4294967278,162
4294967279,161
92,4
92,3
92,2
92,1
4294967278,297
4294967278,157
4294967279,156
4294967278,338
4294967278,385
4294967278,384
4294967294,388
4294967278,337
4294967279,521
4294967279,520
4294967279,290
4294967278,149
4294967279,147
4294967279,146
4294967279,289
4294967279,555
4294967278,293
4294967279,288
4294967279,142
4294967278,142
4294967279,287
4294967278,141
4294967279,140
4294967279,139
4294967278,139
4294967279,138
91,5
4294967278,138
91,4
91,2
91,1
4294967279,286
4294967278,277
4294967279,134
4294967278,134
4294967279,133
4294967278,133
4294967279,271
4294967279,269
4294967278,284
4294967279,267
4294967278,275
4294967279,266
4294967278,270
4294967279,264
4294967278,268
4294967279,261
4294967279,263
89,5
4294967278,267
89,4
4294967279,262
89,2
89,1
4294967278,281
4294967279,275
4294967279,258
4294967278,264
4294967278,263
4294967278,285
4294967279,256
4294967278,278
4294967279,255
4294967279,548
4294967278,329
4294967278,259
87,6
4294967294,385
4294967294,402
4294967294,111
4294967294,412
4294967294,451
4294967279,514
4294967279,547
4294967279,562
4294967278,257
87,5
4294967279,513
4294967278,327
4294967279,512
87,4
4294967278,356
87,3
87,2
87,1
4294967279,546
4294967278,355
4294967294,120
4294967279,320
4294967279,561
4294967279,544
86,5
4294967278,324
4294967294,89
4294967278,253
86,4
86,3
86,2
86,1
4294967279,542
4294967279,239
